ANGLE_SCALE: 0.4148089303468181
FEATURE_EXPANSION: fourier
FOURIER_SCALES: [0.5]
PCA_COMPONENTS: 13
SVM_C: 33.69017946438473
