FEATURE_EXPANSION: none
FOURIER_SCALES: [1.5]
PCA_COMPONENTS: 9
PHASE_GAMMA: 1.1802857225639665
SVM_C: 123.1993941811405
