FEATURE_EXPANSION: none
FOURIER_SCALES: [1.5]
PCA_COMPONENTS: 9
PHASE_GAMMA: 1.039159991524434
SVM_C: 142.18742350231167
