FEATURE_EXPANSION: fourier
FOURIER_SCALES: [1.5]
PCA_COMPONENTS: 10
PHASE_GAMMA: 4.367369885340903
SVM_C: 56.87787356776066
